1908
1872
1847
1865
1927
1929
1906
1893
1886
1894
1872
1902
1965
1979
1877
1845
1797
1790
1598
1882
3671
1800
1680
1656
1643
1634
1607
1572
1501
1490
1524
1600
1618
1588
1573
1587
1585
1607
1621
1786
1685
1597
1574
1568
1552
1121
2887
2475
1619
1535
1531
1534
1518
1506
1477
1412
1456
1525
1598
1621
1617
1618
1630
1666
1678
1730
1807
1767
1728
1698
1718
1714
1522
2187
4059
1774
1728
1713
1735
1731
1735
1710
1669
1665
1714
1778
1802
1819
1819
1814
1840
1833
1874
1923
2047
1936
1885
1901
1881
1889
1402
3759
2801
1962
1861
1871
1881
1869
1839
1792
1776
1803
1850
1875
1904
1843
1887
1842
1857
1893
1887
1903
1957
2047
1933
1867
1889
1843
1936
1526
2743
3279
1961
1866
1847
1845
1773
1792
1665
1705
1664
1644
1665
1613
1627
1584
1552
1500
1478
1426
1490
1535
1552
1373
1212
1117
1059
924
845
496
2927
678
692
496
536
400
276
323
128
16
0
64
28
36
209
200
210
354
416
539
482
587
656
848
912
890
1156
1280
1029
1402
4071
1463
1344
1361
1274
1341
1248
1245
1335
1397
1482
1632
1744
1797
1873
1872
1927
1901
1990
2053
2019
2211
2183
2431
2467
2384
2490
2502
2487
2395
3249
4095
2951
2787
2726
2806
2823
2736
2742
2683
2747
2886
2861
2897
2879
2799
2951
2935
2908
2935
2959
2958
2909
2867
3018
3229
2879
2883
2915
2811
2771
2157
4095
4095
2509
2655
2534
2499
2511
2455
2301
2352
2156
2273
2426
2288
2179
2160
2038
2173
2060
2021
2054
1981
2021
2054
1965
