2087
2017
2003
1974
1933
1903
1871
1821
1783
1746
1686
1647
1602
1526
1483
1426
1344
1286
1227
1161
1063
988
918
812
736
644
571
448
360
277
192
45
0
0
0
0
0
0
0
0
0
0
0
0
0
0
0
0
0
0
0
0
0
0
0
0
0
0
0
0
0
0
0
0
0
0
0
0
0
0
0
0
0
0
0
0
0
0
0
0
0
0
0
0
0
0
0
0
0
0
0
0
0
0
0
0
0
0
0
0
0
0
0
0
0
0
0
0
0
0
0
0
0
0
0
0
0
0
0
0
0
0
0
0
0
0
0
0
0
0
0
0
0
0
0
0
0
0
0
0
0
0
0
0
0
0
0
0
0
0
0
0
0
0
0
0
0
0
0
0
0
0
0
0
0
0
0
0
0
0
0
0
0
0
0
0
0
0
0
0
0
0
0
0
0
0
0
0
0
0
0
0
0
0
0
0
0
0
16
16
50
68
84
106
136
160
176
204
232
256
274
296
336
360
384
397
448
465
494
522
558
585
608
633
680
704
732
757
800
825
853
878
916
944
973
997
1046
1074
1104
1143
1168
1200
1237
1262
1289
1337
1360
1386
1411
1450
1477
1511
1533
1563
1584
1624
1646
1669
1729
1725
1744
1776
1796
1814
1835
1869
1889
1907
1935
1946
1967
1983
1999
2014
2044
2064
2075
2096
2106
2106
2096
2038
1994
1919
1775
1668
1553
1354
1206
1052
788
596
406
216
0
0
0
0
0
0
0
0
0
0
0
0
0
0
0
0
0
0
0
0
0
0
0
0
0
0
0
0
0
0
0
0
0
0
0
0
0
0
0
0
0
0
0
0
0
0
0
0
0
0
0
0
0
0
0
0
0
0
0
0
0
0
0
0
0
0
0
0
0
0
0
0
0
0
0
0
10
38
66
114
150
184
224
276
320
354
388
464
500
548
588
649
690
740
770
833
880
923
960
1040
1088
1126
1190
1230
1270
1344
1381
1419
1453
1511
1535
1586
1647
1680
1712
1756
1791
1817
1871
1900
1920
1915
1984
2007
2030
2069
2093
2112
2133
2150
2163
2191
2192
2215
2231
2242
2247
2228
2179
2111
2000
1779
1638
1446
1048
796
528
106
0
0
0
0
0
0
0
0
0
0
0
0
0
0
0
0
0
0
0
0
0
0
0
0
0
0
0
0
0
0
0
0
0
0
0
0
0
0
0
0
0
0
0
0
0
0
0
0
0
0
0
0
0
0
0
0
0
0
20
64
98
164
161
256
304
376
432
472
528
624
677
726
780
862
912
965
1018
1102
1153
1201
1296
1344
1391
1463
1510
1561
1600
1664
1702
1743
1808
1843
1877
1925
1955
1985
2023
2057
2079
2129
2139
2160
2175
2199
2199
2227
2229
2185
2099
1820
1627
1395
977
687
352
8
0
0
0
0
0
0
0
0
0
0
0
0
0
0
0
0
0
0
0
0
0
0
0
0
0
0
0
0
0
0
0
0
0
0
0
0
0
0
0
0
0
0
0
0
0
0
40
90
173
224
288
296
448
509
576
636
752
816
933
931
1065
1125
1185
1295
1353
1406
1464
1566
1620
1665
1752
1797
1839
1907
1949
1984
2041
2080
2109
2150
2171
2192
2213
2241
2255
2263
2202
2228
2128
1787
1535
1258
626
242
0
0
0
0
0
0
0
0
0
0
0
0
0
0
0
0
0
0
0
0
0
0
0
0
0
0
0
0
0
0
0
0
0
0
16
108
168
224
282
408
473
550
621
754
828
900
974
1115
1181
1253
1322
1447
1510
1639
1683
1734
1789
1872
1925
1968
2029
2093
2113
2175
2199
2221
2243
2275
2291
2295
2318
2327
2334
2336
2337
2319
2098
1799
1625
1008
636
208
0
0
0
0
0
0
0
0
0
0
0
0
0
0
0
0
0
0
0
0
0
0
0
0
0
0
0
0
0
0
0
0
0
48
162
224
300
374
522
602
688
762
912
995
1080
1152
1296
1370
1442
1578
1639
1697
1805
1859
1910
1997
2039
2079
2143
2174
2199
2227
2263
2279
2293
2315
2322
2322
2215
2041
1793
1171
780
352
0
0
0
0
0
0
0
0
0
0
0
0
0
0
0
0
0
0
0
0
0
0
0
0
32
104
145
200
256
392
464
544
625
780
852
951
1092
1198
1277
1358
1500
1579
1648
1763
1824
1882
1936
2023
2074
2111
2175
2205
2231
2271
2289
2303
2320
2326
2330
2330
2327
2318
2235
1830
1462
1136
264
0
0
0
0
0
0
0
0
0
0
0
0
0
0
0
0
0
0
0
0
0
36
74
118
169
220
338
418
502
581
752
848
930
1028
1200
1283
1371
1521
1600
1674
1798
1859
1921
2019
2066
2112
2179
2211
2239
2259
2295
2309
2320
2330
2329
2331
2321
2271
2112
1523
1124
664
162
0
0
0
0
0
0
0
0
0
0
0
0
0
0
0
0
0
0
0
0
24
64
165
228
304
384
557
648
745
840
1034
1120
1220
1394
1481
1568
1648
1785
1848
1915
2021
2071
2119
2192
2224
2251
2290
2303
2267
2331
2331
2333
2327
2199
1965
1617
756
218
0
0
0
0