1622
2218
2514
1531
1223
1917
2559
2559
2239
1473
1072
1706
2089
2589
2363
1461
1158
1806
2357
2191
1520
1150
1819
2861
3605
1354
809
1525
2544
2347
1650
1491
1845
1959
2171
1680
1085
1951
2497
2287
1570
1588
2175
1872
1762
1817
1986
2061
1985
1872
1883
1999
1943
1437
2074
2645
2335
1605
1582
2192
2501
1902
1870
1823
2089
1765
1750
1841
2302
2374
1621
2667
1833
2364
1899
1634
2005
2555
2067
1667
1859
1982
2286
2345
3822
2017
1901
2032
1999
1694
2171
2402
2225
1847
1808
2161
4095
2001
2111
1887
1748
1946
2033
2089
2073
2218
1742
1991
2175
2288
1842
4095
2005
2002
1822
2000
2131
1968
1812
1957
2218
2117
1807
1829
2178
2243
4095
1557
1595
2179
2193
1805
1727
1741
2019
2315
2126
1489
1693
2001
1662
1706
2061
2319
2122
1785
1749
1937
2139
1670
3391
2227
1300
1505
2075
2349
2013
1472
1573
2249
2429
2107
1365
1807
2015
2187
1943
1661
1517
2107
2369
2103
1874
1625
1936
1682
4095
2023
1831
1420
1925
2309
2103
1633
1669
1564
2462
2087
1376
1680
1967
2375
2004
1818
1568
1987
1316
1967
2429
1852
1776
1724
1899
2307
1958
2367
1651
2239
2016
1834
1514
1982
2356
2323
1791
1831
2090
1734
4095
2234
2035
1937
1890
1488
1671
2128
2190
2063
1799
1600
1790
2239
2274
2160
3379
1075
2142
2807
2293
1203
1117
2090
2935
1904
1168
1564
2501
2643
2364
1559
1389
1989
2418
2107
1820
1489
2311
2493
1933
1618
1284
1850
2511
2583
3887
1350
1822
2415
2451
1225
1347
1975
2605
2183
1616
1579
2038
2224
1442
1067
2334
2623
1923
1188
1773
2480
2229
1446
1521
2181
2363
2032
1174
1350
2591
2755
2263
3395
1134
2077
2323
2483
1337
1405
2187
2709
2389
723
1661
2343
2723
1770
1013
1722
2416
2240
1497
1735
2357
2192
1606
4095
2159
2295
2000
1360
1454
2078
2455
2337
1575
1673
2042
2239
2191
1710
1955
2393
1702
1751
2019
2111
4095
1949
1534
1528
2014
2263
2163
1520
1787
2222
2416
2165
1376
2911
2559
2629
1635
1296
1966
2439
2351
1520
1152
2018
2511
2131
1842
1602
2130
2307
2239
1866
944
4095
2384
2375
1971
1398
1754
1946
2362
2214
1116
1633
2434
2283
1936
1552
1637
2213
2557
2381
1680
1260
4095
2490
2359
1947
1607
1277
1870
2470
2263
1707
1856
2083
1869
1729
2047
2065
2407
1794
1526
1843
2095
2239
1703
1633
2062
2354
2029
1405
1798
2269
